3.609119265723961245e-01
7.974663940773119020e-02
8.298407261891457276e-01
9.027190557207909194e-03
2.817484830339720414e-01
3.570075871651183785e-01
5.132163720841764754e-01
6.407926550226950013e-02
5.859770464640252641e-01
1.011055801595157622e-01
6.388655861124126201e-02
1.870833237766319490e-01
5.739401008555699013e-01
6.025189218907678335e-02
5.122368096222579270e-01
7.881635255292468445e-01
4.436959431897323780e-01
8.683169900113157924e-01
4.721783695068546560e-01
5.112902517897640609e-01
2.026042487313453044e-01
8.475952309906781279e-01
7.777845334782212960e-01
1.337520344937099814e-01
1.617275475118029604e-01
9.179045278150221865e-02
5.423035043046242620e-02
4.364437888180201508e-01
3.069539567529185886e-01
7.647615685062887358e-01
8.085586530677654205e-01
3.785126135219595289e-01
3.712512139229456887e-01
1.682327243967369768e-01
1.253342966096880895e-01
4.273440178820597790e-01
1.692349633772910478e-01
4.737310689845619649e-01
4.496534817283893704e-01
3.660154996123459181e-01
4.290248175012119081e-01
6.316743784630266534e-01
1.610960244455703627e-01
2.623840055221696721e-01
2.190848209949455283e-01
5.891271336051518981e-01
6.290649808904669182e-01
4.750819525362937057e-02
1.404813150807724398e-01
7.726140617924971421e-01
3.703792165266266423e-01
5.501911682884632615e-01
8.790139206138225525e-01
5.256489330215899924e-01
7.846437022961297858e-01
5.775979034020708447e-01
5.935445292672750783e-01
2.386695381490946399e-01
9.093230159213905317e-02
8.850740615500701791e-01
7.922752436102106222e-01
9.296186778985724430e-01
3.299210660371659776e-01
3.865455737120842006e-01
7.122961352407473079e-01
9.099949407656926503e-01
3.889621231534279300e-01
4.780776269219315644e-01
3.907550358373725885e-01
2.726603012573465268e-01
2.728201337045566000e-01
9.874115358823654098e-02
5.612230917325954360e-01
4.781404024935503871e-01
6.835656353797240348e-01
8.818477771000946541e-01
5.792644342224766429e-01
8.722176868556029694e-01
4.314488615753302447e-01
7.783022494775916345e-01
6.226001631909429124e-01
6.064526791355681068e-01
8.116945259812994307e-01
7.682489206645736202e-01
2.669247577663464988e-01
2.195039032493754094e-01
9.922227440656719022e-01
1.679048099591011756e-01
1.021710459170592777e-01
3.829046169855815362e-01
4.722104780073521635e-02
3.255363605110782599e-01
4.700518420427614030e-01
1.042041712974181022e-01
3.792412527267718936e-01
4.392110031342436605e-01
9.235487066599300521e-01
6.894305044215016665e-01
6.822153651807871810e-02
8.376601139772886784e-01
